309,5
309,4
309,3
309,2
309,1
309,0
308,4
308,3
308,2
308,1
308,0
307,3
307,2
307,1
307,0
306,4
306,3
306,2
306,1
306,0
305,5
305,4
305,3
305,2
305,1
305,0
304,4
304,3
304,2
304,1
304,0
303,3
303,2
303,1
303,0
302,4
302,3
302,2
302,1
302,0
301,5
301,4
301,3
301,2
301,1
301,0
300,4
300,3
300,2
300,1
300,0
299,3
299,2
299,1
299,0
298,4
298,3
298,2
298,1
298,0
297,5
297,4
297,3
297,2
297,1
297,0
296,4
296,3
296,2
296,1
296,0
295,3
295,2
295,1
295,0
294,4
294,3
294,2
294,1
294,0
293,5
293,4
293,3
293,2
293,1
293,0
292,4
292,3
292,2
292,1
292,0
291,3
291,2
291,1
291,0
290,4
290,3
290,2
290,1
290,0
289,5
289,4
289,3
289,2
289,1
289,0
288,4
288,3
288,2
288,1
288,0
287,3
287,2
287,1
287,0
286,4
286,3
286,2
286,1
286,0
285,5
285,4
285,3
285,2
285,1
285,0
284,4
284,3
284,2
284,1
284,0
283,3
283,2
283,1
283,0
282,4
282,3
282,2
282,1
282,0
281,5
281,4
281,3
281,2
281,1
281,0
280,4
280,3
280,2
280,1
280,0
279,3
279,2
279,1
279,0
278,4
278,3
278,2
278,1
278,0
277,5
277,4
277,3
277,2
277,1
277,0
276,4
276,3
276,2
276,1
276,0
275,3
275,2
275,1
275,0
274,4
274,3
274,2
274,1
274,0
273,5
273,4
273,3
273,2
273,1
273,0
272,4
272,3
272,2
272,1
272,0
271,3
271,2
271,1
271,0
270,4
270,3
270,2
270,1
270,0
269,5
269,4
269,3
269,2
269,1
269,0
268,4
268,3
268,2
268,1
268,0
267,3
267,2
267,1
267,0
266,4
266,3
266,2
266,1
266,0
265,5
265,4
265,3
265,2
265,1
265,0
264,4
264,3
264,2
264,1
264,0
263,3
263,2
263,1
263,0
262,4
262,3
262,2
262,1
262,0
261,5
261,4
261,3
261,2
261,1
261,0
260,4
260,3
260,2
260,1
260,0
259,3
259,2
259,1
259,0
258,4
258,3
258,2
258,1
258,0
257,5
257,4
257,3
257,2
257,1
257,0
256,4
256,3
256,2
256,1
256,0
255,3
255,2
255,1
255,0
254,4
254,3
254,2
254,1
254,0
253,5
253,4
253,3
253,2
253,1
253,0
252,4
252,3
252,2
252,1
252,0
251,3
251,2
251,1
251,0
250,4
250,3
250,2
250,1
250,0
249,3
249,2
249,1
249,0
248,4
248,3
248,2
248,1
248,0
247,5
247,4
247,3
247,2
247,1
247,0
246,4
246,3
246,2
246,1
246,0
245,3
245,2
245,1
245,0
244,4
244,3
244,2
244,1
244,0
243,5
243,4
243,3
243,2
243,1
243,0
242,4
242,3
242,2
242,1
242,0
241,3
241,2
241,1
241,0
240,4
240,3
240,2
240,1
240,0
239,5
239,4
239,3
239,2
239,1
239,0
238,4
238,3
238,2
238,1
238,0
237,3
237,2
237,1
237,0
236,4
236,3
236,2
236,1
236,0
235,5
235,4
235,3
235,2
235,1
235,0
234,4
234,3
234,2
234,1
234,0
233,3
233,2
233,1
233,0
232,4
232,3
232,2
232,1
232,0
231,5
231,4
231,3
231,2
231,1
231,0
230,4
230,3
230,2
230,1
230,0
229,3
229,2
229,1
229,0
228,4
228,3
228,2
228,1
228,0
227,5
227,4
227,3
227,2
227,1
227,0
226,4
226,3
226,2
226,1
226,0
225,3
225,2
225,1
225,0
224,4
